>> Marker moved to position # 6:   Transform3D(Vector3D(-0.021, -0.819, 1.649), Rotation3D(1, 0, -0, 0, -0.000203673, 1, -0, -1, -0.000203673))

	>> Reference points:

Vector2D {-246.985, 321.059}
Vector2D {-246.897, -172.849}
Vector2D {246.985, 321.059}

	>> Points being tracked:

Vector2D {218.17, 321.059}
Vector2D {218.093, -172.849}
Vector2D {-275.8, 321.059}

	>> Feature extraction calculated in:   0.02

	>> Displacement of point 0:  Vector2D {-465.156, 3.97904e-13}
	>> Displacement of point 1:  Vector2D {-464.99, 3.69482e-13}
	>> Displacement of point 2:  Vector2D {522.785, 4.54747e-13}

Jacobian for stacking du_dv
   -465.156
3.97904e-13
    -464.99
3.69482e-13
    522.785
4.54747e-13 // 6x1

Jacobian for stacking Jimages's
   -1646        0  436.341  85.1101 -880.835  321.059
       0    -1646  642.119  948.248 -85.1101  -218.17
   -1646        0  436.185 -45.8046 -880.794 -172.849
       0    -1646 -345.699  859.302  45.8046 -218.093
   -1646        0   -551.6 -107.592 -915.425  321.059
       0    -1646  642.119  948.248  107.592    275.8 // 1x6

Jacobian for Sq
 6.12323e-17           -1  4.87609e-20            0            0            0
-0.000796327   7.4988e-33            1            0            0            0
          -1 -6.12323e-17 -0.000796327            0            0            0
           0            0            0  6.12323e-17           -1  4.87609e-20
           0            0            0 -0.000796327   7.4988e-33            1
           0            0            0           -1 -6.12323e-17 -0.000796327 //6x6

Jacobian for Jq
-3.36778e-18     0.562589 -2.68103e-18     0.204351  -1.3757e-18  0.000107504  2.82004e-33
    0.319048            0      0.59446            0    0.0550477            0 -4.60921e-17
           0    -0.319048 -2.03813e-18    -0.591382  3.07399e-18       -0.135  2.31112e-33
           0            0    -0.605186            0     0.912764            0            1
           0            1            0            1            0            1  6.12323e-17
           1            0     0.796084            0     0.408487            0  0.000796327 //6x7

Jacobian for Zimage
-355.937  -330.48  470.936 -174.071 -561.717 -85.1101 -321.059
-84.9364 -783.444 -199.691 -105.481  164.504 -726.038   218.17
-355.503 -199.478  172.375  -43.125 -110.718  45.8046  172.849
 45.9783 -139.014 -95.3621  184.861  217.815 -637.092  218.093
-390.527  417.776  443.383  220.052 -575.822  107.592 -321.059
 107.372 -783.444   252.44 -105.481 -207.958 -726.038   -275.8 //6x6

Jacobian for Zimage transposed
-355.937 -84.9364 -355.503  45.9783 -390.527  107.372
 -330.48 -783.444 -199.478 -139.014  417.776 -783.444
 470.936 -199.691  172.375 -95.3621  443.383   252.44
-174.071 -105.481  -43.125  184.861  220.052 -105.481
-561.717  164.504 -110.718  217.815 -575.822 -207.958
-85.1101 -726.038  45.8046 -637.092  107.592 -726.038
-321.059   218.17  172.849  218.093 -321.059   -275.8 // 7x6

Jacobian for inverse of Zimage
-0.000672727  -0.00182269  0.000225441  0.000284451 -0.000863287   0.00153824
  0.00471285  -0.00114294   -0.0028139   0.00364144  -0.00189895  -0.00306379
  0.00160093  -0.00411611   0.00239818    0.0030259  -0.00225604   0.00109021
 -0.00962474   0.00155935   0.00438795  -0.00507701    0.0052368   0.00507683
 0.000121138  -0.00130201  0.000870296    0.0010981  -0.00118247   0.00020391
 -0.00368716  0.000237749   0.00239889  -0.00319175   0.00128827   0.00196013
  0.00111209  -0.00147092    0.0016266   0.00205236  -0.00150944 -0.000581436 //7x6


// THE PROBLEM IS IN THE PART WHEN I CALCULATE 2D POINTS 

// TARGET POINTS != REFERENCE POINTS
// DISPLACEMENT TOO BIG !!!!!!!!!!!



